# Miyata Yasunaga Table extracted on 2008, Oct 23 from sqdif (1987.09.12 version)
#,   1,   2,   3,   4,   5,   6,   7,   8,   9,  10,  11,  12,  13,  14,  15,  16,  17,  18,  19,  20
#, ALA, ARG, ASN, ASP, CYS, GLN, GLU, GLY, HIS, ILE, LEU, LYS, MET, PHE, PRO, SER, THR, TRP, TYR, VAL
# at a scale of real numner
     A    R    N    D    C    Q    E    G    H    I    L    K    M    F    P    S    T    W    Y    V    
A 1.0000 0.1657 0.4914 0.3229 0.6029 0.4514 0.2971 0.7400 0.3800 0.2314 0.2114 0.1543 0.3086 0.0771 0.9829 0.8543 0.7429 0.0100 0.0914 0.4714 
R 0.1657 1.0000 0.4171 0.3314 0.1257 0.6771 0.5857 0.0100 0.7657 0.2886 0.2514 0.8857 0.3457 0.2943 0.1714 0.2171 0.4200 0.2229 0.4229 0.3057 
N 0.4914 0.4171 1.0000 0.8143 0.1914 0.7171 0.7571 0.4400 0.6314 0.0371 0.0100 0.4743 0.1200 0.0100 0.4857 0.6257 0.6000 0.0100 0.0229 0.2114 
D 0.3229 0.3314 0.8143 1.0000 0.0100 0.5800 0.7429 0.3229 0.5086 0.0100 0.0100 0.4143 0.0100 0.0100 0.3143 0.4657 0.4143 0.0100 0.0100 0.0286 
C 0.6029 0.1257 0.1914 0.0100 1.0000 0.2914 0.0686 0.3657 0.2686 0.5343 0.5286 0.0657 0.5829 0.3600 0.6200 0.4743 0.5857 0.0457 0.3200 0.7543 
Q 0.4514 0.6771 0.7171 0.5800 0.2914 1.0000 0.7600 0.2914 0.9086 0.2657 0.2286 0.6971 0.3429 0.1971 0.4514 0.5286 0.6800 0.0229 0.2914 0.3914 
E 0.2971 0.5857 0.7571 0.7429 0.0686 0.7600 1.0000 0.2057 0.7257 0.0314 0.0100 0.6743 0.1057 0.0100 0.2914 0.4114 0.4771 0.0100 0.0800 0.1514 
G 0.7400 0.0100 0.4400 0.3229 0.3657 0.2914 0.2057 1.0000 0.2057 0.0100 0.0100 0.0100 0.0457 0.0100 0.7229 0.7571 0.5143 0.0100 0.0100 0.2114 
H 0.3800 0.7657 0.6314 0.5086 0.2686 0.9086 0.7257 0.2057 1.0000 0.3000 0.2600 0.7743 0.3743 0.2486 0.3857 0.4457 0.6229 0.0971 0.3514 0.3971 
I 0.2314 0.2886 0.0371 0.0100 0.5343 0.2657 0.0314 0.0100 0.3000 1.0000 0.9600 0.1886 0.9171 0.8257 0.2514 0.1571 0.3886 0.5086 0.7543 0.7571 
L 0.2114 0.2514 0.0100 0.0100 0.5286 0.2286 0.0100 0.0100 0.2600 0.9600 1.0000 0.1486 0.8829 0.8200 0.2286 0.1314 0.3571 0.5057 0.7314 0.7400 
K 0.1543 0.8857 0.4743 0.4143 0.0657 0.6971 0.6743 0.0100 0.7743 0.1886 0.1486 1.0000 0.2486 0.1857 0.1600 0.2257 0.4000 0.1114 0.3086 0.2286 
M 0.3086 0.3457 0.1200 0.0100 0.5829 0.3429 0.1057 0.0457 0.3743 0.9171 0.8829 0.2486 1.0000 0.7657 0.3257 0.2371 0.4686 0.4600 0.7343 0.8229 
F 0.0771 0.2943 0.0100 0.0100 0.3600 0.1971 0.0100 0.0100 0.2486 0.8257 0.8200 0.1857 0.7657 1.0000 0.0943 0.0143 0.2571 0.6829 0.8629 0.5914 
P 0.9829 0.1714 0.4857 0.3143 0.6200 0.4514 0.2914 0.7229 0.3857 0.2514 0.2286 0.1600 0.3257 0.0943 1.0000 0.8400 0.7514 0.0100 0.1086 0.4886 
S 0.8543 0.2171 0.6257 0.4657 0.4743 0.5286 0.4114 0.7571 0.4457 0.1571 0.1314 0.2257 0.2371 0.0143 0.8400 1.0000 0.7457 0.0100 0.0486 0.3857 
T 0.7429 0.4200 0.6000 0.4143 0.5857 0.6800 0.4771 0.5143 0.6229 0.3886 0.3571 0.4000 0.4686 0.2571 0.7514 0.7457 1.0000 0.0100 0.3000 0.5943 
W 0.0100 0.2229 0.0100 0.0100 0.0457 0.0229 0.0100 0.0100 0.0971 0.5086 0.5057 0.1114 0.4600 0.6829 0.0100 0.0100 0.0100 1.0000 0.6971 0.2829 
Y 0.0914 0.4229 0.0229 0.0100 0.3200 0.2914 0.0800 0.0100 0.3514 0.7543 0.7314 0.3086 0.7343 0.8629 0.1086 0.0486 0.3000 0.6971 1.0000 0.5657 
V 0.4714 0.3057 0.2114 0.0286 0.7543 0.3914 0.1514 0.2114 0.3971 0.7571 0.7400 0.2286 0.8229 0.5914 0.4886 0.3857 0.5943 0.2829 0.5657 1.0000 
